DBMS:
postgresql

Error:
org.postgresql.util.PSQLException: ERROR: cannot pass more than 100 arguments to a function
  Position: 157

SQL:
SELECT drug_exposure_id, person_id, drug_concept_id, drug_exposure_start_date, drug_type_concept_id, stop_reason FROM ohdsiv5.drug_exposure WHERE person_id=c(877586, 562593, 292557, 427128, 753394, 36244, 890222, 84137, 197759, 194482, 318231, 1070912, 1052830, 264798, 640066, 1182546, 33131, 1090976, 162173, 1184349, 1037868, 457595, 873066, 17915, 963757, 160988, 950610, 1208741, 706774, 61176, 821860, 171602, 920176, 49207, 1158745, 520615, 881935, 504751, 1100545, 1055957, 1221778, 451934, 783809, 838720, 653389, 1099814, 928736, 957132, 669826, 11238, 1065591, 991383, 1233005, 1098902, 479799, 941748, 9782, 75680, 1058878, 656935, 841746, 523430, 
648879, 580909, 1192303, 143706, 1023419, 36775, 140742, 1005072, 151843, 516587, 265385, 73032, 1007183, 756165, 824274, 1077965, 1222336, 49777, 231418, 421421, 22689, 122829         V1
1    877586
2    562593
3    292557
4    427128
5    753394
6     36244
7    890222
8     84137
9    197759
10   194482
11   318231
12  1070912
13  1052830
14   264798
15   640066
16  1182546
17    33131
18  1090976
19   162173
20  1184349
21  1037868
22   457595
23   873066
24    17915
25   963757
26   160988
27   950610
28  1208741
29   706774
30    61176
31   821860
32   171602
33   920176
34    49207
35  1158745
36   520615
37   881935
38   504751
39  1100545
40  1055957
41  1221778
42   451934
43   783809
44   838720
45   653389
46  1099814
47   928736
48   957132
49   669826
50    11238
51  1065591
52   991383
53  1233005
54  1098902
55   479799
56   941748
57     9782
58    75680
59  1058878
60   656935
61   841746
62   523430
63   648879
64   580909
65  1192303
66   143706
67  1023419
68    36775
69   140742
70  1005072
71   151843
72   516587
73   265385
74    73032
75  1007183
76   756165
77   824274
78  1077965
79  1222336
80    49777
81   231418
82   421421
83    22689
84  1228296
85   605857
86  1033090
87  1103298
88   101189
89    64471
90   716482
91  1185396
92   549829
93   958591
94   833935
95   424516
96   126097
97   109558
98  1193636
99  1091164
100  492831
101   15786
102  665970
103  437873
104  438697
105  495350
106  935982
107  972009
108  849841
109  759223
110   54040
111  280082
112 1047276
113  848853
114  969924
115  913384
116  973806
117  907391
118  386723
119  273656
120  774164
121  831462
122  336834
123 1159804
124   43299
125  982667
126  964537
127  639169
128   82988
129  398464
130  470976
131  229201
132  918414
133  821277
134  830383
135  196620
136 1225684
137  255697
138  752388
139 1174030
140 1150879
141 1227221
142 1014472
143  517883
144  432699
145  772617
146  725506
147  458619
148  288332
149  476045
150  429411
151  126667
152  641727
153  474804
154 1199626
155  540444
156  226138
157  341704
158   32657
159  935506
160  174535
161  596860
162  843968
163  727746
164 1074985
165  173996
166  715726
167  140994
168  995860
169 1156678
170 1150396
171  487129
172  678801
173  820043
174  944255
175  272179
176  654005
177  223278
178  872076
179  501413
180  304601
181  412083
182  690597
183  159213
184 1218785
185  451423
186   31447
187  417034
188  389928
189  527060
190  708558
191    2305
192  660530
193  805497
194  597586
195  259382
196  406479
197 1044465
198  812903
199  521445
200  267302
